37.87538 -122.25612  123200.00
37.86279 -122.26076  50000.00
37.86792 -122.26951  500.00
37.86274 -122.25577  6500.00
37.86725 -122.26600  30000.20
37.86646 -122.26546  3200.00
37.86748 -122.25144  20000.00
37.86676 -122.25761  45000.00
37.86746 -122.25729  2000.00
37.86490 -122.25292  5500.00
37.86453 -122.26552  7000.00
37.86360 -122.25695  4500.00
37.86802 -122.25117  3200.00
37.87614 -122.25799  20000.00
37.87711 -122.25828  60000.00
37.87636 -122.25931  40000.00
37.87114 -122.27737  1000000.00
37.87180 -122.27385  240000.00